source,ruleset_name,rule_name
